-1.538000482674551
-1.5324768294287163
-1.5269732301382937
-1.5240375942915658
-1.5267918223170582
-1.530683506976123
-1.5363158023155687
-1.5381514048534597
-1.5451478522722033
-1.5531429030213397
-1.5562030416115815
-1.5526473619478391
1.5562824491418419
1.5593892944116694
1.5476386136603604
1.54690525474042
1.5467341878260243
1.5480546321921365
1.5480546321921365
1.5436643433750519
1.5433744204515054
1.520022962203361
1.520022962203361
-1.0303485083411326
-1.0303485083411326
-1.2651037945360746
-1.3210036964787504
-1.3858509995774075
-1.497781513147484
-1.5006410304233473
-1.5086577176614588
-1.501773069693637
-1.5240106209331539
-1.5240106209331539
-1.5178286267030132
-1.5233980940624081
-1.5155189931766246
-1.5168738180497359
-1.5162188818673261
-1.5229622061421328
-1.5030689027588309
1.3756466958183795
-1.5233331580250116
-1.5312911129033313
-1.5281335893730947
-1.5268479780164845
-1.5268479780164845
-1.546797078276045
-1.5519250246184
-1.5519250246184
-1.5521604067467623
-1.5497685253876365
-1.5464813640263047
-1.5455109955676576
-1.5440530300860054
-1.5432215746223237
-1.543989924650236
-1.544703115483728
-1.5424274508633207
-1.5423081558125185
-1.5432963659615233
-1.5420555770358553
-1.5420555770358553
-1.5442145912910539
-1.5442145912910539
-1.5437993927625009
-1.5433257300687393
-1.5464813640263044
-1.5464813640263044
-1.5437993927625004
-1.5433709418400812
-1.5456740121847512
-1.5433709418400812
-1.541684334668794
-1.541684334668794
-1.5440643861486365
-1.5409410485456578
-1.5409410485456578
-1.5418257272414309
-1.5418257272414309
-1.5401065501102704
-1.5403087687342827
-1.5377583862805662
-1.5377583862805662
-1.534957367960326
-1.534957367960326
-1.5374772532271128
-1.5351344896922732
-1.5334714918739043
-1.5364946804889237
-1.53365680527508
-1.5344353231754564
-1.531203477913126
-1.5319518244297055
-1.531169363166482
-1.530350069712185
-1.5313941647453704
-1.5327579352422576
-1.5327579352422576
-1.5307354609705284
-1.530489089501133
-1.530489089501133
-1.5321111543874357
-1.5283488806938303
-1.5245863111781888
-1.5238708906045273
-1.5238708906045273
-1.5133170804553466
-1.5087196135017171
-1.5037946174983137
-1.4917497035063123
-1.4838176301636345
-1.4838176301636345
-1.469869592751599
-1.4687853537163653
-1.4644041475409673
-1.4644041475409673
-1.4546070857169178
-1.4546070857169178
-1.4532151705831193
-1.4419486374703079
-1.4366191157017478
-1.4366191157017478
-1.4366709262772916
-1.4304405565108347
-1.426064206567093
-1.425359551089912
-1.4220848040269403
-1.4171964335400289
-1.4128827219367628
-1.4051989996368812
-1.401670355120436
-1.400666872988425
-1.3968753127922007
-1.3923314038347554
-1.3888327466286596
-1.3796925337024368
-1.3767600554022894
-1.3765306495812113
-1.372883652987198
-1.372883652987198
-1.36917967266462
-1.3621742642931216
-1.360752570713773
-1.3553427591059604
-1.3553427591059604
-1.344368368312332
-1.340324248879505
-1.330189707080849
-1.3256268278977434
-1.3241314417126364
-1.3241314417126364
-1.3124287484115418
-1.3084988197004805
-1.301706853758921
-1.2967045180367203
-1.2932491188728135
-1.2932491188728135
-1.286622051984405
-1.2804323037047105
0.37150560173054376
0.37150560173054376
0.3416775061894088
-1.2421848377376912
0.5764453504761358
-1.225824441012929
-1.2179437207139914
-1.208549707216735
-1.2082922602641737
-1.2082922602641737
0.4134711530089071
-1.191971938952062
-1.1872956055259651
-1.1872956055259651
-1.1842498540868949
-1.1797100561719918
-1.1770339949731574
-1.047802667212303
-1.1730298081953987
-1.1647822419099847
-1.1599105563281218
-1.1599105563281218
-1.1453543066813108
-1.1408944728761057
-1.1348333898657872
-1.122662925539369
-1.1179304846834235
-1.1096345340522062
-1.1063440673914373
-1.1003740083582798
-1.0949044710709952
-1.0949044710709952
-1.0902706292540334
-0.8827227358554931
0.7624463174454784
0.7631818624148087
0.46632814172959486
0.46632814172959486
0.4630887381464006
0.45870323210005465
0.6233260014233537
0.6161036390769536
0.6161068993096178
0.6139430352366859
0.6106224327005615
0.6106224327005615
0.6026433151448901
-0.6361546236243277
0.6295252161210747
0.5108438738813801
0.557702039288266
0.4918457300096381
0.48967695537922756
0.4815735471510041
0.47586936402618585
0.47079462555341994
0.46446309872008035
0.4470617895929977
0.4255517132736003
0.4101309614896664
0.41491809869520313
0.6057083086095513
0.7196516567246807
0.7196516567246807
-0.8309955316579857
-0.8303657317141864
-0.8213843968125846
-0.8151565945234447
-0.8151565945234447
-0.8032712655402136
-0.8032712655402136
-0.7889421497756444
-0.7889421497756444
-0.781341583043445
-0.7775479199324514
-0.7775479199324514
-0.7753579904585294
-0.770125533944487
-0.7555413877915181
-0.7539608797446831
-0.7472970555973826
-0.7472970555973826
-0.7297043254460086
0.5405218597787542
-0.5621056858800553
-0.5621056858800553
0.5294681947230906
-0.6435823446793827
-0.6435823446793827
-0.694051227678873
-0.7275487651735656
-0.6537492989468734
-0.6537492989468734
-0.662555539323779
-0.6241996184734218
-0.7683366094250793
-0.7836720995064588
-0.7836720995064588
0.4996792478631684
0.49485070194528075
-0.6759393132565892
-0.6759393132565892
-0.6652301914525387
-0.6881962853749026
-0.888310628589916
-0.8831581894363258
-0.8831581894363258
-0.6798027623932317
-0.6757207599516024
-0.6705079020161366
-0.6677660999889994
-0.7701570501503016
-0.7701570501503016
-0.3558356316727948
-0.3362987762810668
-0.34792922623140243
-0.3646359936842986
-0.04506428295449566
-0.04506428295449566
-0.06491374029055097
0.05795437000348776
0.03485076873281809
0.9123795574635282
0.9266269826241881
-0.09510172553490798
0.14162285435830577
0.14162285435830577
0.9513770223946214
0.9507306783723807
1.0735372199621538
1.0792535906843537
1.0964646582268196
1.0964646582268196
1.1412734935857565
1.1412734935857565
1.1320918411760217
1.133609950914773
1.1298696350534645
1.1298696350534645
0.9523327537305836
0.9384579634862733
0.9438957174963962
0.9438957174963962
1.1849568755843327
1.1912394699813065
1.2022754169070984
1.2005588083660192
1.200622203427867
1.2240835541987547
1.233296129326401
1.233296129326401
1.254563676391388
1.254563676391388
1.2615494063834758
1.2773390370076447
1.2929992494078955
1.2929992494078955
1.2930475310201046
1.2930475310201046
1.3020664100312676
1.3020664100312676
1.310956764940248
1.325102812039235
1.3291912319507866
1.3338962929807503
1.3408559799081077
1.3382359509245114
1.3382359509245114
1.346342331080918
1.3578819990075797
1.3743351105543908
1.3743351105543908
1.3743351105543908
1.391842183786781
1.4016810804830464
1.4016810804830464
1.4016810804830464
1.4106163935921519
1.4106163935921519
1.4169544042244153
1.42152969232608
1.4268950035931123
1.4308315014831967
1.4359156595931284
1.441763451182883
1.441763451182883
1.4412343920976611
1.4501078089666741
1.4489135601906387
1.454970423239896
1.4663237258004707
1.4663237258004707
1.4777034539108935
1.4829663047406867
1.4856750062958395
1.4938763531924235
1.4982843255677805
1.4982843255677805
1.5056874121273003
1.5203156668145252
1.5213773424094326
1.5213773424094326
1.5213773424094326
1.526160513293872
1.5105746122397485
-1.4771516978199024
-1.4277680653318199
-1.5188204216802588
-1.506854418495083
-1.4972450363063583
-1.5126313265667195
-1.4883624751232962
-1.5272265903419613
-1.5272265903419613
1.507819639085443
1.507819639085443
1.4485543600908117
1.3969982654360582
1.3330855570760733
1.3330855570760733
1.265085419313292
1.173841409345528
1.2001712606564268
1.1719438434134428
1.1431665717337995
1.1431665717337995
1.1045918621026878
0.8024603965444297
0.9664192787267978
0.2808464777913115
0.37673073615831254
0.37673073615831254
-0.16644825754627418
-0.16644825754627418
-0.15190450241443063
-0.14966017368121565
-0.2157336590738511
-0.2157336590738511
0.8978969771117601
0.8978969771117601
0.3078279883289157
0.3031324605839479
0.3347813765128738
0.3347813765128738
-0.024376139561865268
-0.024376139561865268
-0.017844767501917443
-0.009234705114610223
-0.009085885453181296
-0.009085885453181296
-0.1937220805812815
-0.1937220805812815
-0.16883326522885575
-0.7151322002768734
-0.7195209347851884
-0.7303971833995054
-0.7303971833995054
-0.7467474905949024
-0.7730181608698214
-0.776139110780303
-0.8767218272549745
-0.8767218272549745
-0.7983269057372459
-0.7927615368285427
-0.5062803093924945
-0.505776118783936
-0.505776118783936
-0.5009305925976081
-0.11269989518766474
-0.11269989518766474
-0.09122461212128191
-0.06261292486300361
-0.044411733346067746
-0.017609810031212942
-0.017609810031212942
0.03662262833371225
0.033966234247109726
0.033966234247109726
-0.36141005587722214
-0.36141005587722214
-0.4036422945633604
-0.5305815059565687
-0.5305815059565687
-0.44775070286169216
-0.9962253125478809
-0.8768528527574582
-0.8768528527574582
-0.8756008197055511
-0.8738985869387118
-1.025791874989673
-1.0255284766496007
-1.036511415873925
-0.14773642773184784
-0.14773642773184784
0.023587109281698278
-1.0498087041898772
-0.7765771737274089
-1.0946872962091423
-1.0944192515710938
-1.1016693205773853
-1.0432500152125155
-1.0432500152125155
-1.3437933431374678
-1.3738233309124197
-1.3720552402437627
-1.3720552402437627
-1.3856840584381804
-1.3852306166463855
-1.394060130567704
-1.3970154619137058
-1.4179973757627815
-1.4179973757627815
-1.4657835247866657
-1.4657835247866657
-1.480273651319147
-1.4828761960974322
-1.493592347880273
1.0526982613707363
1.0721760200526615
1.0041729431507316
-1.5110723000352042
-1.494346995348781
-1.5032026225278938
-1.4895519293425414
1.5157676164629383
1.5157676164629383
1.0683177249768638
-1.5254857933894137
-1.5005891832830474
-1.5005891832830474
-1.4806192149000876
-1.438611490287575
-1.4111495731229164
-1.3956002278193633
-1.3956002278193633
-1.371849529080793
-1.3458985998417194
-1.2991273188451506
-1.2701100567443677
-1.24051641858017
-1.24051641858017
-1.0289585838887467
-1.0387236348982318
-1.0441602042026517
-1.0173958771168623
-1.1562016852988026
-1.1562016852988026
-1.0676040342329958
-1.112056352379777
-1.052547969541516
-1.089441192956617
0.17435536684837927
0.17435536684837927
0.09124573563159093
0.08874837927693767
0.08242756108038947
-0.283892365499609
-0.29578103903860703
-0.3053715285228141
-0.3053715285228141
-0.30987660083716084
0.08516332736673059
0.15403929864486182
0.1538184585481975
0.050782152218443996
-1.0381775758710374
-1.0436429749890428
-0.24263293698115648
-0.24144890730657062
-0.23618005146132617
-0.1753857116742516
-0.22417055994790627
-0.21732215135140606
-0.42379847320684977
-1.0535009220887799
-1.0548342244202884
-1.057582094330713
-1.1583560844428769
-1.1427726662431508
-1.1490393532316758
-1.16034817416173
-1.1709102044073234
-1.1744942398698703
-1.1909352206313448
-1.1919119787365595
-1.199373695327378
-1.1990835615874729
-1.2084386459728989
-1.2022358369820219
-1.1991658297467624
-1.1909352206313453
-1.192061831659783
-1.1831203511492019
-1.1767037119887993
-1.1759986248059247
-1.1752887201939546
-1.186800113967759
-1.173291558747352
-1.1682914953805803
-1.166891641468077
-1.1631102961522453
-1.1599207025546272
-1.159258125337907
-1.1561240428673596
-1.1556375131216723
-1.1491809280359608
-1.1454034963898914
-1.1454034963898914
-1.1485407624890003
-1.148008940714458
-1.1522217074581627
-1.1433012487896383
-1.1400447587782487
-1.1365113127445063
-1.1365113127445063
-1.1365113127445063
-1.1429453664056592
-1.1412128237710457
-1.146705834236218
-1.146705834236218
-1.1467794041539707
-1.1467794041539707
-1.1663374462897036
-1.1883839728698793
-1.1883839728698793
-1.2025630606917859
-1.2087466540584588
-1.046367390382633
-1.0297147226115169
-0.9816005108962593
-0.9816005108962593
-1.1672469191795198
-1.0137065872564044
-1.0855907153646316
-1.1722387327723622
0.1925753651228906
0.1925753651228906
0.36627382116460316
0.6094255374165516
0.6094255374165516
0.5717197659028967
0.5553511076408623
0.5553511076408623
-1.0928892437506526
-1.0974948507054394
0.5555451023509999
0.5748648243086053
-1.1722911302372845
-1.1722911302372845
-1.1736565160053556
-1.0808583673167704
-1.1774411593832728
-1.1794326169814002
-1.1832522471413751
-1.1832522471413751
-1.1417292707161955
-1.116015175007365
-1.187230133229205
-1.1803995373284786
-1.170626405472055
-1.170626405472055
-1.1505324858083548
-1.1592552831448788
-1.1833774025932033
-1.201196273314339
-1.2203616575979308
-1.2244738746687254
-1.2733133684361149
-1.2731656781921612
-1.270799638055615
-1.2773112647382199
-1.2834360149957869
-1.277316851158462
-1.2765771999589748
-1.268724131634695
-1.2668627214181605
-1.2668627214181605
-1.2703423174354158
-1.2710418974779722
-1.2695510503434881
-1.2780731902348896
-1.305039937047805
-1.305039937047805
-1.3134565911534684
-1.3593774134020946
-1.371222951778965
-1.385568752297771
-1.4035232748153805
-1.4435424621904018
-1.4576669432439064
-1.4738679627805522
-1.5001838516687553
-1.5091199759270089
-1.5132478710428885
-1.5120489961433399
-1.5145672628016085
-1.5250909701515352
-1.5250909701515352
-1.5432554282844122
-1.5432554282844122
-1.5572872289539643
1.5508832614995014
1.5498654065108717
1.5498654065108717
-1.1952947438566024
-1.1952947438566024
-1.2982335666395808
-1.3215222869201346
-1.4283010327953916
-1.5135296125538953
-1.5024177888645125
-0.9654387023576892
1.3644871662916276
1.5359710757684972
1.553716308592192
-1.5501865914834847
-1.5501865914834847
-1.0468233705394259
-0.8795092807137804
-0.8795092807137804
-1.4768826316102865
-1.447268124346626
-1.0944869659247383
-1.1400177090213275
-1.1640880974704206
-1.172601932899075
-1.1897766764777207
-1.2734730015907265
-1.2734730015907265
-1.2764839526116152
-1.4878520684230643
-1.4878520684230643
-1.517032628188246
-1.499348013773108
-1.499348013773108
-1.4957596035049858
-1.4958664946363438
-1.4991108386136718
-1.494456563318096
-1.4896483867957013
-1.4896483867957013
-1.4979447133488835
-1.4918980238284523
-1.4918980238284523
-1.0996683814311345
0.3811519548148263
0.3811519548148263
1.383000967513106
1.1697339386754242
-1.2757886375700735
-1.344522964767266
-1.496188575108662
-1.496188575108662
-1.513038230255234
-1.4925949449426315
-1.4931799504341696
-1.4931799504341696
-1.4820775701348325
-1.481652203449452
-1.4843625692007159
-1.4843625692007159
-1.4970567317098085
-1.5019261940515733
-1.5190902529451407
-1.5293069727886646
-1.513099460487753
-1.0169009452262738
-1.4697345016473249
-1.4674638620100575
-1.4644630693055993
-1.4695495909590133
-1.4691422656739817
-1.475129805354257
-1.4669655111602142
-1.4521267865232
-1.4485189355516637
-1.4485224115945508
-1.4592637105407518
-1.458992283410798
-1.4831473941703281
-1.5125294908485452
-1.5173457417013405
-1.5148305753641176
-1.490969798099681
-1.4747494670631578
-1.4787260456290034
-1.5006698656434498
-1.501651826869203
-1.5060106354384293
-1.2784284963183077
1.4183337368547067
1.4487291460568414
-1.5152280892584677
-1.5173358559737493
-1.5155066043424446
-1.5193644000315794
-1.5193644000315794
-1.517280418472027
-1.524305137055628
-1.521322594717377
-1.521322594717377
-1.5087860231620822
-1.4833168506223873
-1.4816223253981735
-1.4816223253981735
-1.4478059497089406
-1.4478059497089406
-1.4621331386297591
-1.463423191816669
-1.4535162141562101
-1.4535162141562101
-1.4625140281561277
-1.480219716551599
-1.4831664668265743
-1.4834136797637447
-1.4783888602811839
-1.4108697206910488
-1.3732665988286679
-1.2889867327371511
-1.2781962343281261
-1.2633287343099509
-1.2561940434105017
-1.2143459034077793
-1.1981621581441333
0.3884914914859561
0.5509957802239646
0.550774544600161
0.5780460924544127
0.6001554200543152
0.5968868716838613
0.5907153713423
0.5894717211086872
0.6581933250962122
0.6619233145884938
-0.7459707443671266
-0.8970201673639573
-0.892458873643697
-0.8899508310306881
-0.8749727174264382
-0.8749727174264382
-0.8682590313892209
-0.8628925807354677
-0.8329534446292572
-0.8329534446292572
-0.8198231503415853
-0.8127859373005826
-0.7992455325933379
-0.8060844615196621
-0.7998787075593222
-0.8028480519202228
-0.9029463383361819
-0.889856375451813
-0.8860915779347032
0.7636106213242846
0.7814603918807209
0.7814603918807209
-0.22114284884646235
-0.23174654763353617
-0.23648668051763666
0.8181346981912289
0.8242998605285301
0.8654487747479327
0.8711684521911255
0.1096731988928696
0.14979712889013233
0.09536020279168865
0.21089893827946396
0.21089893827946396
0.19753015167866714
0.9138538959081137
0.9938505167771833
1.1240199188056166
1.1144688006992287
1.1144688006992287
1.1410713957328873
1.1538737483098478
1.172833862290389
1.1284234189868139
1.1457231571607234
1.1457231571607234
1.1597207764800734
1.1937881379819564
1.210922980670169
1.2503978019510762
1.2503978019510762
1.3046849020171414
1.3210071880440022
1.3438933105360917
1.4231093866479592
1.4292405441468667
1.4292405441468667
1.4388447126429003
1.4527932331591973
1.4798288205175414
1.486679671624281
1.4487182025838508
1.4487182025838508
1.395547169731928
1.2425810103135115
0.9848074570620242
0.8140099848080374
-0.8452878841734872
-1.2185389399054845
-1.273936160264988
-1.346342926706107
-1.4605374523626127
-1.486341926529842
-1.515755386971427
-1.537038180548472
-1.546296132521566
-1.540345375365758
-1.5478309120498883
-1.5410599738879207
-1.5365119709022053
-1.5350215202849407
-1.5012696384595974
-1.4929160518923477
-1.472168241568613
-1.444978456665718
-1.4315251263511128
-1.360891820516886
-1.3441945954661108
-1.3168826628361758
-1.2832919681712422
-1.2688701932371254
-1.2548914339335897
-1.21675582316675
-1.192670141390178
-1.180234753534707
-1.1670248437274513
-1.151783678393104
-1.0140504232933119
-0.9869112918697106
-0.13978212467265555
-0.16085056851994997
-0.16506727807114874
-0.04336550755743743
-0.05162284068085571
-0.054612404451955344
-0.060675644851800506
0.10147862673260694
0.10385598737228742
-0.9309545324924573
0.36025376048242724
0.3608249376129869
0.3608249376129869
0.7056413596859754
-0.8711975653568336
-0.8650732818732159
-0.8650732818732159
-0.8646051488930323
-0.8648722729740073
-0.85103925541451
-0.8578054295567522
-0.8578054295567522
-0.8527010330530345
-0.8820772430484048
-0.8750907627880071
0.7321394983615982
0.7357096102734605
0.7356554936656312
0.7356554936656312
0.3364868083063986
0.3364868083063986
0.3368529131321099
0.3363864421683969
0.3359206335282731
0.3359206335282731
-0.9020851133826358
-0.9020851133826358
0.33466680275005867
0.3338045744524274
0.33313458489183567
0.33313458489183567
-0.9009663903541753
-0.9009663903541753
-0.8960999117451135
0.3318974400219601
0.332847618526504
-0.8980208223973999
-0.9011518318552932
-0.9011518318552932
-0.8975946013371283
-0.8959399613721126
-0.8959399613721126
-0.8886479496870935
-0.8840453672043551
-0.8908700244389625
-0.887766099774311
-0.8893411662164795
-0.8904126449776565
-0.8908660012640871
-0.8893244066020503
-0.8903793247985291
-0.8893184808285661
-0.8885459690997961
-0.8866845410526321
-0.8839765255290584
-0.8872564620728801
-0.8821672176652414
-0.8832491520307348
-0.8832401572165804
-0.882978827740072
-0.885552120414915
-0.8828720279885264
-0.8828720279885264
-0.8813763378886811
-0.8793560828366003
-0.883507382810166
-0.8836497729248943
-0.8813493546779483
-0.8813493546779483
-0.8815616859191323
-0.8821104780933786
-0.8836688144347378
-0.8827375308195056
-0.8848328713940071
-0.8843778924351948
-0.8840274291268156
-0.8889118664235504
-0.8836456772841434
-0.8800068019774605
-0.8776773799778964
-0.8776773799778964
-0.8777968731922611
-0.8745912101930109
-0.8745912101930109
-0.8730510979174559
-0.8745957945163191
-0.8747123157398711
-0.8753041634078931
-0.87673745270992
-0.8763319630476634
-0.8769864259071051
-0.8794980072011312
-0.8786148808209205
-0.8761813151918689
-0.8764824254622154
-0.8774273426256298
-0.8781425927622227
-0.8760623055771346
-0.8770679158884157
-0.8770405763054195
-0.8758759758551178
-0.8758543074980303
-0.8742866555045967
-0.8746985981921496
-0.8716931008952109
-0.8690431002353435
-0.8101961436203983
-0.8686901082137626
-0.8706536303959372
-0.8689831818195222
-0.8700471150318938
-0.8721585827950281
-0.8729072794021691
-0.873409645484851
-0.8753335245069795
-0.8754613115186968
-0.8774055485408846
-0.8769754712976766
-0.8771585920999728
-0.8764361639994241
-0.8749227913377616
-0.8711996930781386
-0.8737847033273564
-0.8715244842204779
-0.8702094034590743
-0.8702048952690213
-0.8677526138609529
-0.8667187654098785
-0.8667187654098785
-0.8619848957567964
-0.8644997907084327
-0.8644997907084327
-0.8627244829572622
-0.8639037519508971
-0.8639037519508971
-0.8639344058803958
-0.8639644351085918
-0.8639644351085918
-0.8646914162223059
-0.8696048641971348
-0.8696048641971348
-0.8688335699630618
-0.8729027860932778
-0.8740158167147422
-0.871229741937298
-0.8730173663592309
-0.8730173663592309
-0.8722671312683555
-0.8779039844884805
0.31298206829645303
0.31283030368981696
-0.872309727902182
-0.872309727902182
-0.8737829555899799
-0.8758595321940096
-0.8758595321940096
-0.8762567126496725
0.3121051634346444
0.3121051634346444
0.3097656289864471
-0.8755788550567268
-0.8088561011772579
-0.816336587476934
-0.8137077297381612
-0.8137077297381612
-0.8153594878744561
-0.8142481764926862
-0.8142481764926862
-0.813620826686122
-0.8129475126798819
-0.8170558306219611
-0.8161652326489856
-0.8153260186326269
-0.8158183524438978
-0.8162077336241434
-0.8161538751359673
-0.8080027778014228
-0.8084798291984844
-0.8097915070041963
-0.8096364693130126
-0.8104667987017248
-0.8074226797017257
0.2576334628717894
-0.03530236327784427
-0.013827926985162133
-0.2295351630653686
-0.2257106291601266
-0.8886241132555434
-0.8886241132555434
-0.8778636637110535
-0.8780208854805741
-1.0289667023077882
-1.03749789407217
-1.0370203455299003
-1.0317506387818005
-1.0317506387818005
-0.24359049957749737
-0.24359049957749737
-0.12134234784604431
-0.12352613256016838
-0.8710743004293926
-0.8710743004293926
-0.13565140287193994
-0.8659725367548944
-0.8641507162014035
-0.8641507162014035
-0.8607875090280761
-0.8554338310084824
-0.8514971815816691
-0.8191455569933712
-0.8119192572834947
-0.8155078757870623
-0.8125191603832174
-0.8125191603832174
-0.8138945905927994
-0.8138945905927994
-0.8140973110534047
-0.8150867264808593
-0.8135430565063638
-0.8135430565063638
-0.8160656121691109
-0.8196173671523921
-0.850877725027854
-0.850877725027854
-0.8473490948075231
-0.8473490948075231
-0.8474006457586047
-0.8457364915564749
-0.8097388892906932
-0.8003395916119582
-0.8009065092674736
-0.8009065092674736
-0.7953387914624954
-0.7953387914624954
-0.7924789456743176
-0.7922845471398108
-0.7939488366133055
-0.7939488366133055
-0.7932679962672493
-0.7932679962672493
-0.7899333113885423
-0.7913137659514701
-0.7929107274366592
-0.7929107274366592
-0.7856717812969206
-0.7856717812969206
-0.7779203789464813
-0.7773141713971948
-0.7729624844322887
-0.7729624844322887
-0.7963787324265643
-0.7963787324265643
-0.7752975117661149
-0.8611956060038074
0.7775066351486509
0.7720430110104057
0.7755406841597184
0.7755406841597184
0.7767077886150509
-0.8489629798248386
-0.8823568375422213
-0.8823568375422213
-0.8797876244672189
-0.8804209400590894
-0.8804209400590894
-0.8861277648838208
-0.8862245353845433
-0.8862245353845433
-0.8835175213753322
-0.8834635644327389
-0.8834635644327389
-0.8771653054136738
-0.8763881181996499
-0.8763881181996499
-0.8763328352922027
-0.8744611948728523
-0.8744611948728523
-0.8736432202208106
-0.8739675588423483
-0.8739675588423483
-0.9034230669806603
-0.8744409793451965
-0.8744409793451965
-0.9045619157711959
-0.9035688603916732
-0.9035688603916732
-0.900105730261681
-0.8963653119157561
-0.8963653119157561
-0.8971706120047871
-0.8971462454174515
-0.8971462454174515
-0.8684560213046866
-0.8695871326365047
-0.8689950055789692
-0.8635985145872933
-0.8572112334440298
-0.8572112334440298
-0.856486632006777
-0.8590460892554683
-0.8873572636085009
-0.8861614837326659
-0.8892095857466831
-0.8892095857466831
0.2612968220131309
0.3515325314448447
0.8495936437508145
1.015444121097243
1.0336811597955962
1.0336811597955962
1.0988909107251825
1.1344833706187898
1.1812960005881392
1.2022957779714283
1.2209859087537462
1.2209859087537462
1.2329936385619766
1.247379114675184
1.247379114675184
1.2713665645280914
1.294219153863613
1.3369195839542838
1.3382029065979764
1.344823139471586
1.354957902097089
1.3721478071979973
1.3766182727566045
1.3766182727566045
1.3860718859963042
1.4042325952015213
1.4403172433256222
1.441882342729762
1.4370435051439578
1.4297270542819194
1.4331639905710158
1.429347082756387
1.3609843522021086
1.3557855025309529
1.357377574775201
1.400160106434838
1.4119380014455407
1.4306732371290813
1.4528162303931331
1.4673614759540894
1.4966955089725862
1.4990384126235334
1.5048432540568235
1.499009404116849
1.4528961924900872
1.426317406742654
1.4120869433213485
1.4120869433213485
1.4229282278844588
1.4229282278844588
1.4229282278844588
0.5442005531961973
-0.11609754391588943
-1.203774607478398
-1.203774607478398
0.3788153633390895
0.3788153633390895
0.4450827009727719
0.4450827009727719
1.5597348310636499
1.5597348310636499
1.187684611077885
1.298690452690141
1.1680181301533397
-0.5868402687482396
-0.5956020617635371
-1.0231738076170818
-0.7825015635258428
-0.6095737190380021
-0.6095737190380021
-1.116530255070696
1.0961061285411968
1.358534011000833
1.387829809085863
1.4071165529035692
-0.288126228656115
1.384411083659468
1.3987525779645216
1.4004137839397566
-0.2907629113307509
-0.2878651687967721
-0.3358424878037082
1.4517471180308492
1.4475704774829037
1.2194466536485535
1.4342231098512008
1.2589304802339325
1.2775512184332045
1.2913255363505964
0.02333926749647094
-0.7320004674324817
-1.1369030973963772
-1.1426388080864722
1.2442019438579859
0.7201782424507587
-1.272137509362541
-0.5515204773927139
-0.41366712040572917
-0.4737293598982393
-0.3392163220239081
-0.4973746024376622
-0.4973746024376622
-0.645051501976674
0.343535210903965
-0.1435953834029363
-0.1435953834029363
1.0073755533617215
1.0073755533617215
0.4985640629464352
0.40790062768615043
1.118840094666801
1.1174860576648538
1.1369562840207708
0.530444080224838
-1.434097267749756
0.38352782723630124
1.0719189265687101
1.0719189265687101
-1.4504942857784642
-1.4780385935057525
-1.4780385935057525
-1.5261982267493328
-1.5261982267493328
-1.2409740041769823
-1.14937711990709
-1.0910357919236449
-1.1203710876757298
-1.1464361010553912
-1.1057228632470684
-1.1057228632470684
-1.1057228632470684
-1.1057228632470684
-0.6983630719622053
-0.6454837998921304
-1.3339475658479762
-1.3339475658479762
-1.4734884166246358
-1.4004531320475113
-1.40355123046175
-1.4668758546561451
-1.5233606378691065
-1.5233606378691065
-1.526617773927772
-1.526617773927772
-1.53846965693286
-1.4922163845301684
-1.5080531725534547
-1.5080531725534547
-1.5207082685064182
-1.502529215420361
-1.4509124029140807
-1.2589824534588232
-1.2470060386961495
-1.218162725936176
-1.163260333169566
-1.0679712132501165
-0.8789549254213443
-0.9359577296503295
-0.9426329253395768
-0.9495159190819107
-0.9482124184174775
-0.9669127448279674
-0.9036280876525656
-0.912501489792186
-0.912501489792186
-0.853312840858148
-0.834245200520717
-0.8296099229035457
-0.8296099229035457
-0.811461698048981
-0.8035116657312551
-0.8010179627161675
-0.7876727144594866
-0.7553516294450628
-0.8133887348257962
-0.8280650676233134
-0.8382456455560929
-0.8504123256937802
-0.8534644563575875
-0.8351771470644032
-0.8361101501864102
-0.8424461128131668
-0.850696505201274
-0.8509656475303696
-0.8545465436802233
-0.8545465436802233
-0.8569757893098584
-0.853871974598994
-0.8562334573568414
-0.8562334573568414
-0.8626100203581766
-0.9226577294659094
-0.9388269173374295
-0.6832152478299517
-0.578613232589844
-0.05789295016261225
0.2113682374342325
0.29362648111151063
0.5307369787627664
0.5445842462107946
0.5528531203473213
0.7301714665671613
0.7314686584256495
0.7278668049279557
0.7240129492253632
0.7238424124917743
0.7231845867736694
0.7147777109201836
0.7100199167696506
0.22846716570739659
0.2817037031748693
0.29390497964200984
0.3260944960452365
0.3239476899041759
0.32813745682188716
0.3043411948010211
0.30158787109512214
0.2998549280561868
0.29704967429082063
0.3273983440582722
0.3070512745822883
-0.13601696765655183
0.07240205926572474
-0.7443480953353511
-0.5897278539400885
-0.8767545815664898
-0.8722143259487186
-0.8954587975586996
-0.9119237653164799
-0.9227741285488713
-0.9420725255591182
-1.0433595453228541
-1.097386221793692
-1.1684089286839379
-1.2200378769299354
-1.2625383748382704
-1.2625383748382704
-1.3086948268674614
-1.3302824794139803
-1.3902107144337408
-1.3902107144337408
-1.4101170642051513
-1.4722697090393588
-1.4814765070187441
-1.4673715617594096
-1.4773173601264873
-1.5021570151426997
-1.5051545324864115
-1.507236763025694
-1.5058806697027018
-1.5008745240284818
-1.4987120484151624
-1.5020954732155412
-1.499615881139142
-1.4987385102637782
-1.4987385102637782
-1.4993269021559412
-1.4993269021559412
-1.498542285033653
-1.499740620345135
-1.499740620345135
-1.5013974515246156
-1.5013974515246156
-1.502898675272543
-1.5030221611515207
-1.4974151755571494
-1.4974151755571494
-1.4994285612224612
-1.5059739398355207
-1.505530342825823
-1.5089656349338434
-1.5092648175613501
-1.5035006673507827
-1.5050124476889803
-1.502810433308202
-1.5036302612524723
-1.5009893626589916
-1.50959299242762
-1.50959299242762
-1.5001571404985157
-1.5075611335463603
-1.5092680576133988
-1.5101984595307039
-1.5153741144757238
-1.5142765650856538
-1.513321337638014
-1.513288108864498
-1.513664222926585
-1.518189844334719
-1.5131538653007213
-1.5160671748387873
-1.5142729129831858
-1.5157938937331672
-1.51529782154918
-1.5160398543227993
-1.5183002440266624
-1.5169460253442637
-1.517945729489068
-1.5177547787018548
-1.5175098612603246
-1.518474842100901
-1.5213103670637202
-1.520210189192623
-1.518397900192012
-1.5194684933525262
-1.5233287672275848
-1.5232829139760151
-1.5209943942818833
-1.5182708385488077
-1.5227991687900562
-1.5203455477776295
-1.5192969173459308
-1.521332373991358
-1.5221582202379182
-1.5201248345395362
-1.5214205268542087
-1.5191699609753069
-1.5147773714661432
-1.5092719438708417
-1.510620934369284
-1.5110157897079974
-1.5123528006131162
-1.4960326524694303
-1.4914446925770717
-1.4778772904903608
-1.4778772904903608
-1.460776235033953
-1.3503823021020986
-1.3150837290621575
-1.2037766546835675
-1.1114278751124878
-1.1114278751124878
-1.0577582975827284
0.7930686927215086
0.7810401469454848
0.7810401469454848
-0.8895676439243574
0.5662009671482342
0.5525966959606614
0.5427937603092317
-0.6542815944647244
-0.7596727179159812
-0.7350182935067786
-0.5451812355574053
-0.656150777132003
-0.6065303346210498
-0.4743532960464493
1.0739817698099794
1.1684143089934478
1.184083100254738
1.184083100254738
1.1968953467623011
1.2819691337423502
1.326137078205262
1.3569547682432663
1.3901167036716249
1.443874733638235
1.465394097561641
1.4919199643365342
1.5385522820613475
1.552463774251049
1.5558173187777598
1.543842606030701
1.543842606030701
1.5527102300384632
1.5539527094911592
1.5581450791055682
1.5590456495489964
1.5590456495489964
1.5488054456508025
1.5432514999514149
1.5445956560389686
1.550540717284381
1.5601129725745466
1.5248516709867517
1.5524191143331645
1.5524191143331645
1.545918924249747
1.545918924249747
1.548115052717662
1.537841229180598
1.5356191748474621
1.5356191748474621
1.539608065734327
